1.00000000000E+04	2.131024E+03	-1.739160E+02
1.50995000000E+06	9.168837E+03	-9.039386E+01
3.00990000000E+06	5.036222E+03	-8.980231E+01
4.50985000000E+06	3.432307E+03	-9.058525E+01
6.00980000000E+06	2.609047E+03	-9.052670E+01
7.50975000000E+06	2.076591E+03	-9.120670E+01
9.00970000000E+06	1.730921E+03	-9.076764E+01
1.05096500000E+07	1.486550E+03	-9.143329E+01
1.20096000000E+07	1.322514E+03	-9.132648E+01
1.35095500000E+07	1.165654E+03	-9.194044E+01
1.50095000000E+07	1.048714E+03	-9.183393E+01
1.65094500000E+07	9.546426E+02	-9.221286E+01
1.80094000000E+07	8.678914E+02	-9.245554E+01
1.95093500000E+07	8.066678E+02	-9.249386E+01
2.10093000000E+07	7.520148E+02	-9.240775E+01
2.25092500000E+07	7.022659E+02	-9.277430E+01
2.40092000000E+07	6.559739E+02	-9.316235E+01
2.55091500000E+07	6.174406E+02	-9.327786E+01
2.70091000000E+07	5.846862E+02	-9.337564E+01
2.85090500000E+07	5.522398E+02	-9.334290E+01
3.00090000000E+07	5.235184E+02	-9.394972E+01
3.15089500000E+07	4.977988E+02	-9.376821E+01
3.30089000000E+07	4.758959E+02	-9.410079E+01
3.45088500000E+07	4.535338E+02	-9.405537E+01
3.60088000000E+07	4.354127E+02	-9.428569E+01
3.75087500000E+07	4.187933E+02	-9.466315E+01
3.90087000000E+07	4.008447E+02	-9.469199E+01
4.05086500000E+07	3.861711E+02	-9.481760E+01
4.20086000000E+07	3.721963E+02	-9.512009E+01
4.35085500000E+07	3.589237E+02	-9.524596E+01
4.50085000000E+07	3.460596E+02	-9.539091E+01
4.65084500000E+07	3.339825E+02	-9.540074E+01
4.80084000000E+07	3.235590E+02	-9.495544E+01
4.95083500000E+07	3.186208E+02	-9.645132E+01
5.10083000000E+07	3.041841E+02	-9.648830E+01
5.25082500000E+07	2.962900E+02	-9.641012E+01
5.40082000000E+07	2.874586E+02	-9.658149E+01
5.55081500000E+07	2.798195E+02	-9.669066E+01
5.70081000000E+07	2.713521E+02	-9.670001E+01
5.85080500000E+07	2.646148E+02	-9.684612E+01
6.00080000000E+07	2.569384E+02	-9.714120E+01
6.15079500000E+07	2.510114E+02	-9.723004E+01
6.30079000000E+07	2.452137E+02	-9.734624E+01
6.45078500000E+07	2.395931E+02	-9.760541E+01
6.60078000000E+07	2.332067E+02	-9.770788E+01
6.75077500000E+07	2.278884E+02	-9.801372E+01
6.90077000000E+07	2.226828E+02	-9.801129E+01
7.05076500000E+07	2.177968E+02	-9.827982E+01
7.20076000000E+07	2.126969E+02	-9.855931E+01
7.35075500000E+07	2.083465E+02	-9.859075E+01
7.50075000000E+07	2.046168E+02	-9.884490E+01
7.65074500000E+07	2.002761E+02	-9.898644E+01
7.80074000000E+07	1.960129E+02	-9.922589E+01
7.95073500000E+07	1.920023E+02	-9.936226E+01
8.10073000000E+07	1.881156E+02	-9.954266E+01
8.25072500000E+07	1.844738E+02	-9.965585E+01
8.40072000000E+07	1.808631E+02	-9.995874E+01
8.55071500000E+07	1.780319E+02	-1.000690E+02
8.70071000000E+07	1.743329E+02	-1.002009E+02
8.85070500000E+07	1.713649E+02	-1.002780E+02
9.00070000000E+07	1.682445E+02	-1.005768E+02
9.15069500000E+07	1.650795E+02	-1.006758E+02
9.30069000000E+07	1.619099E+02	-1.008287E+02
9.45068500000E+07	1.597005E+02	-1.009792E+02
9.60068000000E+07	1.566137E+02	-1.011248E+02
9.75067500000E+07	1.539517E+02	-1.012278E+02
9.90067000000E+07	1.516860E+02	-1.014506E+02
1.00506650000E+08	1.492316E+02	-1.015931E+02
1.02006600000E+08	1.466530E+02	-1.019793E+02
1.03506550000E+08	1.442194E+02	-1.019884E+02
1.05006500000E+08	1.423640E+02	-1.023798E+02
1.06506450000E+08	1.400380E+02	-1.023633E+02
1.08006400000E+08	1.378507E+02	-1.025152E+02
1.09506350000E+08	1.356447E+02	-1.026040E+02
1.11006300000E+08	1.335364E+02	-1.029102E+02
1.12506250000E+08	1.315429E+02	-1.030439E+02
1.14006200000E+08	1.296583E+02	-1.033620E+02
1.15506150000E+08	1.277312E+02	-1.034935E+02
1.17006100000E+08	1.257424E+02	-1.034346E+02
1.18506050000E+08	1.239169E+02	-1.037170E+02
1.20006000000E+08	1.219936E+02	-1.038027E+02
1.21505950000E+08	1.204381E+02	-1.040783E+02
1.23005900000E+08	1.187239E+02	-1.041965E+02
1.24505850000E+08	1.170819E+02	-1.043425E+02
1.26005800000E+08	1.155547E+02	-1.044997E+02
1.27505750000E+08	1.139760E+02	-1.046733E+02
1.29005700000E+08	1.123978E+02	-1.047818E+02
1.30505650000E+08	1.110557E+02	-1.048480E+02
1.32005600000E+08	1.092860E+02	-1.050218E+02
1.33505550000E+08	1.078296E+02	-1.051281E+02
1.35005500000E+08	1.065091E+02	-1.051337E+02
1.36505450000E+08	1.050236E+02	-1.053740E+02
1.38005400000E+08	1.036378E+02	-1.053612E+02
1.39505350000E+08	1.027796E+02	-1.051943E+02
1.41005300000E+08	1.037906E+02	-1.049888E+02
1.42505250000E+08	1.003997E+02	-1.096365E+02
1.44005200000E+08	9.654243E+01	-1.072725E+02
1.45505150000E+08	9.602599E+01	-1.048370E+02
1.47005100000E+08	9.699060E+01	-1.057079E+02
1.48505050000E+08	9.608552E+01	-1.062203E+02
1.50005000000E+08	9.475891E+01	-1.067397E+02
1.51504950000E+08	9.351427E+01	-1.069308E+02
1.53004900000E+08	9.234235E+01	-1.071222E+02
1.54504850000E+08	9.125449E+01	-1.073173E+02
1.56004800000E+08	9.015031E+01	-1.075250E+02
1.57504750000E+08	8.908009E+01	-1.077799E+02
1.59004700000E+08	8.800504E+01	-1.078816E+02
1.60504650000E+08	8.680861E+01	-1.080142E+02
1.62004600000E+08	8.603877E+01	-1.082043E+02
1.63504550000E+08	8.500811E+01	-1.083590E+02
1.65004500000E+08	8.370392E+01	-1.086203E+02
1.66504450000E+08	8.309910E+01	-1.086884E+02
1.68004400000E+08	8.217140E+01	-1.088717E+02
1.69504350000E+08	8.099444E+01	-1.089338E+02
1.71004300000E+08	8.042737E+01	-1.090217E+02
1.72504250000E+08	7.937627E+01	-1.092998E+02
1.74004200000E+08	7.853531E+01	-1.093966E+02
1.75504150000E+08	7.756339E+01	-1.096735E+02
1.77004100000E+08	7.669370E+01	-1.097611E+02
1.78504050000E+08	7.577278E+01	-1.099737E+02
1.80004000000E+08	7.502168E+01	-1.102542E+02
1.81503950000E+08	7.416997E+01	-1.102418E+02
1.83003900000E+08	7.341370E+01	-1.104004E+02
1.84503850000E+08	7.271433E+01	-1.105626E+02
1.86003800000E+08	7.180318E+01	-1.106381E+02
1.87503750000E+08	7.119553E+01	-1.107978E+02
1.89003700000E+08	7.034063E+01	-1.110355E+02
1.90503650000E+08	6.977094E+01	-1.112002E+02
1.92003600000E+08	6.886250E+01	-1.111179E+02
1.93503550000E+08	6.810324E+01	-1.113567E+02
1.95003500000E+08	6.741920E+01	-1.115946E+02
1.96503450000E+08	6.681993E+01	-1.115833E+02
1.98003400000E+08	6.621590E+01	-1.118382E+02
1.99503350000E+08	6.541127E+01	-1.121936E+02
2.01003300000E+08	6.469096E+01	-1.121658E+02
2.02503250000E+08	6.399777E+01	-1.122749E+02
2.04003200000E+08	6.346692E+01	-1.124468E+02
2.05503150000E+08	6.264479E+01	-1.125248E+02
2.07003100000E+08	6.223307E+01	-1.126957E+02
2.08503050000E+08	6.150843E+01	-1.128206E+02
2.10003000000E+08	6.084932E+01	-1.130243E+02
2.11502950000E+08	6.030318E+01	-1.131367E+02
2.13002900000E+08	5.971278E+01	-1.132716E+02
2.14502850000E+08	5.921580E+01	-1.133947E+02
2.16002800000E+08	5.860853E+01	-1.135424E+02
2.17502750000E+08	5.798252E+01	-1.137000E+02
2.19002700000E+08	5.747243E+01	-1.139029E+02
2.20502650000E+08	5.682205E+01	-1.138808E+02
2.22002600000E+08	5.627751E+01	-1.140511E+02
2.23502550000E+08	5.578732E+01	-1.142554E+02
2.25002500000E+08	5.528284E+01	-1.143718E+02
2.26502450000E+08	5.469221E+01	-1.145095E+02
2.28002400000E+08	5.408088E+01	-1.145894E+02
2.29502350000E+08	5.361601E+01	-1.148153E+02
2.31002300000E+08	5.307138E+01	-1.149736E+02
2.32502250000E+08	5.265014E+01	-1.151368E+02
2.34002200000E+08	5.221690E+01	-1.152016E+02
2.35502150000E+08	5.161305E+01	-1.153189E+02
2.37002100000E+08	5.101770E+01	-1.153941E+02
2.38502050000E+08	5.057107E+01	-1.155356E+02
2.40002000000E+08	5.016353E+01	-1.157644E+02
2.41501950000E+08	4.975049E+01	-1.159369E+02
2.43001900000E+08	4.924833E+01	-1.160695E+02
2.44501850000E+08	4.879484E+01	-1.160460E+02
2.46001800000E+08	4.829090E+01	-1.163116E+02
2.47501750000E+08	4.790536E+01	-1.164044E+02
2.49001700000E+08	4.743494E+01	-1.167066E+02
2.50501650000E+08	4.692838E+01	-1.167559E+02
2.52001600000E+08	4.655018E+01	-1.168727E+02
2.53501550000E+08	4.615198E+01	-1.170377E+02
2.55001500000E+08	4.571199E+01	-1.171606E+02
2.56501450000E+08	4.521659E+01	-1.172917E+02
2.58001400000E+08	4.470511E+01	-1.174572E+02
2.59501350000E+08	4.430538E+01	-1.175786E+02
2.61001300000E+08	4.391456E+01	-1.177213E+02
2.62501250000E+08	4.343180E+01	-1.178437E+02
2.64001200000E+08	4.303332E+01	-1.178236E+02
2.65501150000E+08	4.265474E+01	-1.177998E+02
2.67001100000E+08	4.199876E+01	-1.178116E+02
2.68501050000E+08	4.182218E+01	-1.181183E+02
2.70001000000E+08	4.131287E+01	-1.184489E+02
2.71500950000E+08	4.110038E+01	-1.182438E+02
2.73000900000E+08	4.077476E+01	-1.187678E+02
2.74500850000E+08	4.027908E+01	-1.188032E+02
2.76000800000E+08	4.001882E+01	-1.192351E+02
2.77500750000E+08	3.973108E+01	-1.192564E+02
2.79000700000E+08	3.925162E+01	-1.193135E+02
2.80500650000E+08	3.909417E+01	-1.195806E+02
2.82000600000E+08	3.867165E+01	-1.193988E+02
2.83500550000E+08	3.817643E+01	-1.196418E+02
2.85000500000E+08	3.810479E+01	-1.200553E+02
2.86500450000E+08	3.765275E+01	-1.198993E+02
2.88000400000E+08	3.727897E+01	-1.202896E+02
2.89500350000E+08	3.690491E+01	-1.204136E+02
2.91000300000E+08	3.666230E+01	-1.203333E+02
2.92500250000E+08	3.616073E+01	-1.202960E+02
2.94000200000E+08	3.587714E+01	-1.205263E+02
2.95500150000E+08	3.564027E+01	-1.205210E+02
2.97000100000E+08	3.526715E+01	-1.205545E+02
2.98500050000E+08	3.521798E+01	-1.205574E+02
3.00000000000E+08	3.470847E+01	-1.205979E+02
