1.00000000000E+04	3.434060E+03	-1.458597E+02
1.50995000000E+06	4.302087E+03	-8.990473E+01
3.00990000000E+06	2.295040E+03	-9.042548E+01
4.50985000000E+06	1.555200E+03	-9.038424E+01
6.00980000000E+06	1.156900E+03	-9.069390E+01
7.50975000000E+06	9.334473E+02	-9.093520E+01
9.00970000000E+06	7.740880E+02	-9.090875E+01
1.05096500000E+07	6.654083E+02	-9.134189E+01
1.20096000000E+07	5.838876E+02	-9.154076E+01
1.35095500000E+07	5.164881E+02	-9.167037E+01
1.50095000000E+07	4.655811E+02	-9.181795E+01
1.65094500000E+07	4.228547E+02	-9.216648E+01
1.80094000000E+07	3.870686E+02	-9.221938E+01
1.95093500000E+07	3.573596E+02	-9.243543E+01
2.10093000000E+07	3.316214E+02	-9.258662E+01
2.25092500000E+07	3.102527E+02	-9.271806E+01
2.40092000000E+07	2.899853E+02	-9.294278E+01
2.55091500000E+07	2.728454E+02	-9.321774E+01
2.70091000000E+07	2.580143E+02	-9.324519E+01
2.85090500000E+07	2.435208E+02	-9.334307E+01
3.00090000000E+07	2.313745E+02	-9.335228E+01
3.15089500000E+07	2.200058E+02	-9.372633E+01
3.30089000000E+07	2.099727E+02	-9.395690E+01
3.45088500000E+07	2.002270E+02	-9.403723E+01
3.60088000000E+07	1.921057E+02	-9.420301E+01
3.75087500000E+07	1.839585E+02	-9.441097E+01
3.90087000000E+07	1.768424E+02	-9.457782E+01
4.05086500000E+07	1.701153E+02	-9.470958E+01
4.20086000000E+07	1.635206E+02	-9.494592E+01
4.35085500000E+07	1.582167E+02	-9.504102E+01
4.50085000000E+07	1.520162E+02	-9.531445E+01
4.65084500000E+07	1.473214E+02	-9.528865E+01
4.80084000000E+07	1.429966E+02	-9.539682E+01
4.95083500000E+07	1.380391E+02	-9.615932E+01
5.10083000000E+07	1.332922E+02	-9.616460E+01
5.25082500000E+07	1.295685E+02	-9.628433E+01
5.40082000000E+07	1.257386E+02	-9.647591E+01
5.55081500000E+07	1.222464E+02	-9.641933E+01
5.70081000000E+07	1.185180E+02	-9.661614E+01
5.85080500000E+07	1.153421E+02	-9.672563E+01
6.00080000000E+07	1.120852E+02	-9.697594E+01
6.15079500000E+07	1.092108E+02	-9.718226E+01
6.30079000000E+07	1.066095E+02	-9.731103E+01
6.45078500000E+07	1.040319E+02	-9.750154E+01
6.60078000000E+07	1.012851E+02	-9.764016E+01
6.75077500000E+07	9.876862E+01	-9.784899E+01
6.90077000000E+07	9.640903E+01	-9.795060E+01
7.05076500000E+07	9.410484E+01	-9.811086E+01
7.20076000000E+07	9.191202E+01	-9.839494E+01
7.35075500000E+07	8.977373E+01	-9.847060E+01
7.50075000000E+07	8.811628E+01	-9.869016E+01
7.65074500000E+07	8.612590E+01	-9.888022E+01
7.80074000000E+07	8.411754E+01	-9.901760E+01
7.95073500000E+07	8.228761E+01	-9.920140E+01
8.10073000000E+07	8.063499E+01	-9.933916E+01
8.25072500000E+07	7.891277E+01	-9.958350E+01
8.40072000000E+07	7.728378E+01	-9.977367E+01
8.55071500000E+07	7.593939E+01	-9.989529E+01
8.70071000000E+07	7.434712E+01	-1.000183E+02
8.85070500000E+07	7.294398E+01	-1.002636E+02
9.00070000000E+07	7.139790E+01	-1.003821E+02
9.15069500000E+07	7.001820E+01	-1.004360E+02
9.30069000000E+07	6.867239E+01	-1.005962E+02
9.45068500000E+07	6.737521E+01	-1.008638E+02
9.60068000000E+07	6.610357E+01	-1.008860E+02
9.75067500000E+07	6.493192E+01	-1.011715E+02
9.90067000000E+07	6.376149E+01	-1.013155E+02
1.00506650000E+08	6.263215E+01	-1.013567E+02
1.02006600000E+08	6.138971E+01	-1.017452E+02
1.03506550000E+08	6.040234E+01	-1.018101E+02
1.05006500000E+08	5.932378E+01	-1.021908E+02
1.06506450000E+08	5.838324E+01	-1.021225E+02
1.08006400000E+08	5.733985E+01	-1.023537E+02
1.09506350000E+08	5.630669E+01	-1.024839E+02
1.11006300000E+08	5.531753E+01	-1.026715E+02
1.12506250000E+08	5.435640E+01	-1.028327E+02
1.14006200000E+08	5.341478E+01	-1.031446E+02
1.15506150000E+08	5.258685E+01	-1.033923E+02
1.17006100000E+08	5.173131E+01	-1.032404E+02
1.18506050000E+08	5.082597E+01	-1.036058E+02
1.20006000000E+08	4.998116E+01	-1.035984E+02
1.21505950000E+08	4.917458E+01	-1.038243E+02
1.23005900000E+08	4.834163E+01	-1.040836E+02
1.24505850000E+08	4.755077E+01	-1.042353E+02
1.26005800000E+08	4.681665E+01	-1.043925E+02
1.27505750000E+08	4.608484E+01	-1.046074E+02
1.29005700000E+08	4.540812E+01	-1.047314E+02
1.30505650000E+08	4.480849E+01	-1.047604E+02
1.32005600000E+08	4.394114E+01	-1.049913E+02
1.33505550000E+08	4.315656E+01	-1.052433E+02
1.35005500000E+08	4.250412E+01	-1.053461E+02
1.36505450000E+08	4.172192E+01	-1.057591E+02
1.38005400000E+08	4.092122E+01	-1.060250E+02
1.39505350000E+08	4.002851E+01	-1.060166E+02
1.41005300000E+08	3.936745E+01	-1.056925E+02
1.42505250000E+08	3.725814E+01	-1.060875E+02
1.44005200000E+08	3.869722E+01	-1.019616E+02
1.45505150000E+08	3.894573E+01	-1.047569E+02
1.47005100000E+08	3.821756E+01	-1.056798E+02
1.48505050000E+08	3.751661E+01	-1.058466E+02
1.50005000000E+08	3.678083E+01	-1.062677E+02
1.51504950000E+08	3.606059E+01	-1.069108E+02
1.53004900000E+08	3.564001E+01	-1.066150E+02
1.54504850000E+08	3.501020E+01	-1.072595E+02
1.56004800000E+08	3.459954E+01	-1.069755E+02
1.57504750000E+08	3.389577E+01	-1.073963E+02
1.59004700000E+08	3.351942E+01	-1.076933E+02
1.60504650000E+08	3.298967E+01	-1.075494E+02
1.62004600000E+08	3.244957E+01	-1.074921E+02
1.63504550000E+08	3.205107E+01	-1.075903E+02
1.65004500000E+08	3.135860E+01	-1.080771E+02
1.66504450000E+08	3.103299E+01	-1.083462E+02
1.68004400000E+08	3.073272E+01	-1.085195E+02
1.69504350000E+08	3.016616E+01	-1.082696E+02
1.71004300000E+08	2.988697E+01	-1.084004E+02
1.72504250000E+08	2.921985E+01	-1.089046E+02
1.74004200000E+08	2.899349E+01	-1.087431E+02
1.75504150000E+08	2.829070E+01	-1.094191E+02
1.77004100000E+08	2.791974E+01	-1.092823E+02
1.78504050000E+08	2.755024E+01	-1.095684E+02
1.80004000000E+08	2.701687E+01	-1.098189E+02
1.81503950000E+08	2.663059E+01	-1.094523E+02
1.83003900000E+08	2.637950E+01	-1.097884E+02
1.84503850000E+08	2.592974E+01	-1.098627E+02
1.86003800000E+08	2.554378E+01	-1.098476E+02
1.87503750000E+08	2.522760E+01	-1.102269E+02
1.89003700000E+08	2.477100E+01	-1.105201E+02
1.90503650000E+08	2.457596E+01	-1.108620E+02
1.92003600000E+08	2.404716E+01	-1.102094E+02
1.93503550000E+08	2.367229E+01	-1.106903E+02
1.95003500000E+08	2.337881E+01	-1.111735E+02
1.96503450000E+08	2.305377E+01	-1.112849E+02
1.98003400000E+08	2.266956E+01	-1.113061E+02
1.99503350000E+08	2.221956E+01	-1.115225E+02
2.01003300000E+08	2.189445E+01	-1.113460E+02
2.02503250000E+08	2.151870E+01	-1.114684E+02
2.04003200000E+08	2.131266E+01	-1.117591E+02
2.05503150000E+08	2.094339E+01	-1.115536E+02
2.07003100000E+08	2.065466E+01	-1.119028E+02
2.08503050000E+08	2.034878E+01	-1.119291E+02
2.10003000000E+08	1.993701E+01	-1.121542E+02
2.11502950000E+08	1.968470E+01	-1.123216E+02
2.13002900000E+08	1.935627E+01	-1.123097E+02
2.14502850000E+08	1.908528E+01	-1.125011E+02
2.16002800000E+08	1.875630E+01	-1.126275E+02
2.17502750000E+08	1.845701E+01	-1.129012E+02
2.19002700000E+08	1.814666E+01	-1.129528E+02
2.20502650000E+08	1.791299E+01	-1.129293E+02
2.22002600000E+08	1.761684E+01	-1.130730E+02
2.23502550000E+08	1.735485E+01	-1.130685E+02
2.25002500000E+08	1.704423E+01	-1.133380E+02
2.26502450000E+08	1.678380E+01	-1.134638E+02
2.28002400000E+08	1.646486E+01	-1.134820E+02
2.29502350000E+08	1.624297E+01	-1.138314E+02
2.31002300000E+08	1.600080E+01	-1.137291E+02
2.32502250000E+08	1.570191E+01	-1.139425E+02
2.34002200000E+08	1.547489E+01	-1.143447E+02
2.35502150000E+08	1.515773E+01	-1.140013E+02
2.37002100000E+08	1.491469E+01	-1.143928E+02
2.38502050000E+08	1.463980E+01	-1.143873E+02
2.40002000000E+08	1.443352E+01	-1.144889E+02
2.41501950000E+08	1.425863E+01	-1.147236E+02
2.43001900000E+08	1.390786E+01	-1.147296E+02
2.44501850000E+08	1.365941E+01	-1.147533E+02
2.46001800000E+08	1.339457E+01	-1.149598E+02
2.47501750000E+08	1.325530E+01	-1.149551E+02
2.49001700000E+08	1.301350E+01	-1.153124E+02
2.50501650000E+08	1.270721E+01	-1.152676E+02
2.52001600000E+08	1.244875E+01	-1.151258E+02
2.53501550000E+08	1.223112E+01	-1.152276E+02
2.55001500000E+08	1.197411E+01	-1.156098E+02
2.56501450000E+08	1.177356E+01	-1.157074E+02
2.58001400000E+08	1.154873E+01	-1.160307E+02
2.59501350000E+08	1.136553E+01	-1.156493E+02
2.61001300000E+08	1.111802E+01	-1.158543E+02
2.62501250000E+08	1.090747E+01	-1.158134E+02
2.64001200000E+08	1.068244E+01	-1.158679E+02
2.65501150000E+08	1.049461E+01	-1.158090E+02
2.67001100000E+08	1.025509E+01	-1.162339E+02
2.68501050000E+08	1.010818E+01	-1.164764E+02
2.70001000000E+08	9.812486E+00	-1.162892E+02
2.71500950000E+08	9.660563E+00	-1.160495E+02
2.73000900000E+08	9.515109E+00	-1.164682E+02
2.74500850000E+08	9.223392E+00	-1.163181E+02
2.76000800000E+08	9.075779E+00	-1.168503E+02
2.77500750000E+08	8.895777E+00	-1.172311E+02
2.79000700000E+08	8.732265E+00	-1.167270E+02
2.80500650000E+08	8.516430E+00	-1.171575E+02
2.82000600000E+08	8.383595E+00	-1.172977E+02
2.83500550000E+08	8.164242E+00	-1.175961E+02
2.85000500000E+08	7.912511E+00	-1.179156E+02
2.86500450000E+08	7.773521E+00	-1.177438E+02
2.88000400000E+08	7.617093E+00	-1.181631E+02
2.89500350000E+08	7.350713E+00	-1.173502E+02
2.91000300000E+08	7.298522E+00	-1.170029E+02
2.92500250000E+08	7.030075E+00	-1.171698E+02
2.94000200000E+08	6.850783E+00	-1.183779E+02
2.95500150000E+08	6.677366E+00	-1.181822E+02
2.97000100000E+08	6.372475E+00	-1.173642E+02
2.98500050000E+08	6.339356E+00	-1.172297E+02
3.00000000000E+08	6.121138E+00	-1.175386E+02
