"E5100A REV3.31"
"DATE: Mar 19 2044"



"CHANNEL: 1"
"MEASURE TYPE: AR"
"FORMAT TYPE: MAGZP"
"NUMBER of POINTS: 201"
"SWEEP TIME:  64.32 ms"
"SWEEP TYPE: LINF"
"SOURCE POWER: 0 dBm"
"IF BANDWIDTH: 30 kHz"

"Frequency"	"Main Array"	"Sub Array"
1.00000000000E+04	4.152770E+02	2.872439E+00
1.50995000000E+06	4.714227E+02	-1.390759E+00
3.00990000000E+06	4.689656E+02	-1.115570E+00
4.50985000000E+06	4.684698E+02	-1.078026E+00
6.00980000000E+06	4.692701E+02	-1.247449E+00
7.50975000000E+06	4.683146E+02	-1.341452E+00
9.00970000000E+06	4.686928E+02	-1.619940E+00
1.05096500000E+07	4.680048E+02	-1.817109E+00
1.20096000000E+07	4.682435E+02	-1.903725E+00
1.35095500000E+07	4.684127E+02	-2.173661E+00
1.50095000000E+07	4.677990E+02	-2.485339E+00
1.65094500000E+07	4.690338E+02	-2.606955E+00
1.80094000000E+07	4.674943E+02	-2.874476E+00
1.95093500000E+07	4.683528E+02	-3.251389E+00
2.10093000000E+07	4.674020E+02	-3.461232E+00
2.25092500000E+07	4.685818E+02	-3.453916E+00
2.40092000000E+07	4.692339E+02	-3.676050E+00
2.55091500000E+07	4.689973E+02	-3.979530E+00
2.70091000000E+07	4.668733E+02	-4.175978E+00
2.85090500000E+07	4.665655E+02	-4.376910E+00
3.00090000000E+07	4.653331E+02	-4.685363E+00
3.15089500000E+07	4.671291E+02	-5.072248E+00
3.30089000000E+07	4.668661E+02	-5.039300E+00
3.45088500000E+07	4.656718E+02	-5.267221E+00
3.60088000000E+07	4.664320E+02	-5.558484E+00
3.75087500000E+07	4.658611E+02	-5.549406E+00
3.90087000000E+07	4.654059E+02	-6.057964E+00
4.05086500000E+07	4.676402E+02	-6.209053E+00
4.20086000000E+07	4.673808E+02	-6.567568E+00
4.35085500000E+07	4.668370E+02	-6.764210E+00
4.50085000000E+07	4.661270E+02	-7.090776E+00
4.65084500000E+07	4.673914E+02	-7.666221E+00
4.80084000000E+07	4.570183E+02	-7.532942E+00
4.95083500000E+07	4.667383E+02	-7.694643E+00
5.10083000000E+07	4.629827E+02	-8.154060E+00
5.25082500000E+07	4.621568E+02	-8.180505E+00
5.40082000000E+07	4.615866E+02	-8.431027E+00
5.55081500000E+07	4.632895E+02	-8.461181E+00
5.70081000000E+07	4.613299E+02	-8.895967E+00
5.85080500000E+07	4.606313E+02	-8.961920E+00
6.00080000000E+07	4.599523E+02	-9.206788E+00
6.15079500000E+07	4.602444E+02	-9.616283E+00
6.30079000000E+07	4.589317E+02	-9.503147E+00
6.45078500000E+07	4.613633E+02	-9.874973E+00
6.60078000000E+07	4.588350E+02	-1.021203E+01
6.75077500000E+07	4.601480E+02	-1.031192E+01
6.90077000000E+07	4.579448E+02	-1.047562E+01
7.05076500000E+07	4.588818E+02	-1.089405E+01
7.20076000000E+07	4.596673E+02	-1.111870E+01
7.35075500000E+07	4.578911E+02	-1.108938E+01
7.50075000000E+07	4.580865E+02	-1.134345E+01
7.65074500000E+07	4.595059E+02	-1.146328E+01
7.80074000000E+07	4.560852E+02	-1.180063E+01
7.95073500000E+07	4.570496E+02	-1.193891E+01
8.10073000000E+07	4.562181E+02	-1.232657E+01
8.25072500000E+07	4.562624E+02	-1.265550E+01
8.40072000000E+07	4.562151E+02	-1.271185E+01
8.55071500000E+07	4.556725E+02	-1.304991E+01
8.70071000000E+07	4.555934E+02	-1.333084E+01
8.85070500000E+07	4.544836E+02	-1.327569E+01
9.00070000000E+07	4.532111E+02	-1.352039E+01
9.15069500000E+07	4.516051E+02	-1.370355E+01
9.30069000000E+07	4.534636E+02	-1.373393E+01
9.45068500000E+07	4.529447E+02	-1.430672E+01
9.60068000000E+07	4.523973E+02	-1.423664E+01
9.75067500000E+07	4.504091E+02	-1.457739E+01
9.90067000000E+07	4.514160E+02	-1.486754E+01
1.00506650000E+08	4.497740E+02	-1.486657E+01
1.02006600000E+08	4.510917E+02	-1.536113E+01
1.03506550000E+08	4.499241E+02	-1.554749E+01
1.05006500000E+08	4.509176E+02	-1.561531E+01
1.06506450000E+08	4.494341E+02	-1.600668E+01
1.08006400000E+08	4.464932E+02	-1.612631E+01
1.09506350000E+08	4.468539E+02	-1.628245E+01
1.11006300000E+08	4.470497E+02	-1.661122E+01
1.12506250000E+08	4.458098E+02	-1.675021E+01
1.14006200000E+08	4.462455E+02	-1.709597E+01
1.15506150000E+08	4.453579E+02	-1.736723E+01
1.17006100000E+08	4.449255E+02	-1.749291E+01
1.18506050000E+08	4.448497E+02	-1.779093E+01
1.20006000000E+08	4.435901E+02	-1.796798E+01
1.21505950000E+08	4.419501E+02	-1.814759E+01
1.23005900000E+08	4.425083E+02	-1.855296E+01
1.24505850000E+08	4.400247E+02	-1.873048E+01
1.26005800000E+08	4.387691E+02	-1.881803E+01
1.27505750000E+08	4.384412E+02	-1.927056E+01
1.29005700000E+08	4.372595E+02	-1.930734E+01
1.30505650000E+08	4.354923E+02	-1.962534E+01
1.32005600000E+08	4.339690E+02	-1.986915E+01
1.33505550000E+08	4.291805E+02	-2.001360E+01
1.35005500000E+08	4.269877E+02	-2.032251E+01
1.36505450000E+08	4.235598E+02	-2.037160E+01
1.38005400000E+08	4.146342E+02	-2.051176E+01
1.39505350000E+08	3.999079E+02	-1.981936E+01
1.41005300000E+08	3.782176E+02	-1.495699E+01
1.42505250000E+08	5.002495E+02	-5.982292E+00
1.44005200000E+08	4.651831E+02	-2.366580E+01
1.45505150000E+08	4.414086E+02	-1.991465E+01
1.47005100000E+08	4.462457E+02	-2.011549E+01
1.48505050000E+08	4.465386E+02	-2.024953E+01
1.50005000000E+08	4.462684E+02	-2.092411E+01
1.51504950000E+08	4.442204E+02	-2.134382E+01
1.53004900000E+08	4.428723E+02	-2.154206E+01
1.54504850000E+08	4.421952E+02	-2.198778E+01
1.56004800000E+08	4.416427E+02	-2.235282E+01
1.57504750000E+08	4.405943E+02	-2.259700E+01
1.59004700000E+08	4.370008E+02	-2.282484E+01
1.60504650000E+08	4.363987E+02	-2.298826E+01
1.62004600000E+08	4.354609E+02	-2.311556E+01
1.63504550000E+08	4.386087E+02	-2.348454E+01
1.65004500000E+08	4.342980E+02	-2.388587E+01
1.66504450000E+08	4.347168E+02	-2.389019E+01
1.68004400000E+08	4.337631E+02	-2.427044E+01
1.69504350000E+08	4.322756E+02	-2.429010E+01
1.71004300000E+08	4.315912E+02	-2.446133E+01
1.72504250000E+08	4.323221E+02	-2.498700E+01
1.74004200000E+08	4.306576E+02	-2.466205E+01
1.75504150000E+08	4.299372E+02	-2.520996E+01
1.77004100000E+08	4.299901E+02	-2.545314E+01
1.78504050000E+08	4.273346E+02	-2.575877E+01
1.80004000000E+08	4.283077E+02	-2.601989E+01
1.81503950000E+08	4.273921E+02	-2.607053E+01
1.83003900000E+08	4.259347E+02	-2.628469E+01
1.84503850000E+08	4.251237E+02	-2.644304E+01
1.86003800000E+08	4.240033E+02	-2.685456E+01
1.87503750000E+08	4.246601E+02	-2.646562E+01
1.89003700000E+08	4.224003E+02	-2.718549E+01
1.90503650000E+08	4.218800E+02	-2.714205E+01
1.92003600000E+08	4.219366E+02	-2.747964E+01
1.93503550000E+08	4.213177E+02	-2.747756E+01
1.95003500000E+08	4.209580E+02	-2.776451E+01
1.96503450000E+08	4.194932E+02	-2.809322E+01
1.98003400000E+08	4.182180E+02	-2.832767E+01
1.99503350000E+08	4.202418E+02	-2.846116E+01
2.01003300000E+08	4.185719E+02	-2.881492E+01
2.02503250000E+08	4.189730E+02	-2.876899E+01
2.04003200000E+08	4.171684E+02	-2.904569E+01
2.05503150000E+08	4.157724E+02	-2.930290E+01
2.07003100000E+08	4.163700E+02	-2.932105E+01
2.08503050000E+08	4.135040E+02	-2.963750E+01
2.10003000000E+08	4.134715E+02	-2.977691E+01
2.11502950000E+08	4.119503E+02	-3.007955E+01
2.13002900000E+08	4.127389E+02	-3.022623E+01
2.14502850000E+08	4.133216E+02	-3.027085E+01
2.16002800000E+08	4.120001E+02	-3.058624E+01
2.17502750000E+08	4.098610E+02	-3.075143E+01
2.19002700000E+08	4.090984E+02	-3.099267E+01
2.20502650000E+08	4.089416E+02	-3.094710E+01
2.22002600000E+08	4.077989E+02	-3.139824E+01
2.23502550000E+08	4.082621E+02	-3.151111E+01
2.25002500000E+08	4.063260E+02	-3.188165E+01
2.26502450000E+08	4.056311E+02	-3.192500E+01
2.28002400000E+08	4.058582E+02	-3.222455E+01
2.29502350000E+08	4.050930E+02	-3.219910E+01
2.31002300000E+08	4.048945E+02	-3.259375E+01
2.32502250000E+08	4.030721E+02	-3.262515E+01
2.34002200000E+08	4.024813E+02	-3.265062E+01
2.35502150000E+08	4.016326E+02	-3.286256E+01
2.37002100000E+08	3.989901E+02	-3.325311E+01
2.38502050000E+08	3.985008E+02	-3.333532E+01
2.40002000000E+08	3.995509E+02	-3.357028E+01
2.41501950000E+08	3.988529E+02	-3.373984E+01
2.43001900000E+08	3.969593E+02	-3.373891E+01
2.44501850000E+08	3.956330E+02	-3.403928E+01
2.46001800000E+08	3.944929E+02	-3.423327E+01
2.47501750000E+08	3.933773E+02	-3.434949E+01
2.49001700000E+08	3.964909E+02	-3.466319E+01
2.50501650000E+08	3.921961E+02	-3.475586E+01
2.52001600000E+08	3.909978E+02	-3.475331E+01
2.53501550000E+08	3.920128E+02	-3.476888E+01
2.55001500000E+08	3.921909E+02	-3.491750E+01
2.56501450000E+08	3.901819E+02	-3.507158E+01
2.58001400000E+08	3.909368E+02	-3.509542E+01
2.59501350000E+08	3.914458E+02	-3.518760E+01
2.61001300000E+08	3.914234E+02	-3.560847E+01
2.62501250000E+08	3.893961E+02	-3.610703E+01
2.64001200000E+08	3.883392E+02	-3.592663E+01
2.65501150000E+08	3.890451E+02	-3.613496E+01
2.67001100000E+08	3.876923E+02	-3.653361E+01
2.68501050000E+08	3.870145E+02	-3.657012E+01
2.70001000000E+08	3.888240E+02	-3.667607E+01
2.71500950000E+08	3.875471E+02	-3.694403E+01
2.73000900000E+08	3.865949E+02	-3.729898E+01
2.74500850000E+08	3.855516E+02	-3.752393E+01
2.76000800000E+08	3.857976E+02	-3.787221E+01
2.77500750000E+08	3.850198E+02	-3.827381E+01
2.79000700000E+08	3.842654E+02	-3.840734E+01
2.80500650000E+08	3.831465E+02	-3.834529E+01
2.82000600000E+08	3.826165E+02	-3.862265E+01
2.83500550000E+08	3.810079E+02	-3.891967E+01
2.85000500000E+08	3.798395E+02	-3.924955E+01
2.86500450000E+08	3.794323E+02	-3.926308E+01
2.88000400000E+08	3.794991E+02	-3.954473E+01
2.89500350000E+08	3.775034E+02	-3.955606E+01
2.91000300000E+08	3.777202E+02	-3.965467E+01
2.92500250000E+08	3.766263E+02	-3.993234E+01
2.94000200000E+08	3.749798E+02	-4.001984E+01
2.95500150000E+08	3.735638E+02	-4.024872E+01
2.97000100000E+08	3.746726E+02	-4.064745E+01
2.98500050000E+08	3.742161E+02	-4.055225E+01
3.00000000000E+08	3.731899E+02	-4.070046E+01
