1.00000000000E+04	-1.908684E-01	-2.167968E-01
1.50995000000E+06	-1.171806E-02	-1.130454E+00
3.00990000000E+06	-2.858233E-03	-2.397116E+00
4.50985000000E+06	2.321868E-03	-3.642533E+00
6.00980000000E+06	2.867736E-03	-4.884938E+00
7.50975000000E+06	4.689557E-03	-6.123575E+00
9.00970000000E+06	1.225471E-02	-7.337777E+00
1.05096500000E+07	2.228284E-02	-8.573959E+00
1.20096000000E+07	3.433831E-02	-9.785531E+00
1.35095500000E+07	3.789741E-02	-1.092175E+01
1.50095000000E+07	4.905947E-02	-1.217749E+01
1.65094500000E+07	5.813117E-02	-1.342036E+01
1.80094000000E+07	7.601187E-02	-1.459787E+01
1.95093500000E+07	8.265903E-02	-1.582423E+01
2.10093000000E+07	1.055012E-01	-1.700499E+01
2.25092500000E+07	1.211794E-01	-1.823919E+01
2.40092000000E+07	1.345899E-01	-1.941905E+01
2.55091500000E+07	1.529249E-01	-2.065322E+01
2.70091000000E+07	1.677249E-01	-2.181787E+01
2.85090500000E+07	1.879209E-01	-2.300220E+01
3.00090000000E+07	2.213366E-01	-2.420948E+01
3.15089500000E+07	2.308001E-01	-2.545476E+01
3.30089000000E+07	2.586994E-01	-2.656067E+01
3.45088500000E+07	2.798589E-01	-2.782233E+01
3.60088000000E+07	2.975954E-01	-2.893682E+01
3.75087500000E+07	3.230997E-01	-3.010891E+01
3.90087000000E+07	3.559649E-01	-3.132853E+01
4.05086500000E+07	3.833821E-01	-3.252802E+01
4.20086000000E+07	4.053884E-01	-3.358548E+01
4.35085500000E+07	4.304376E-01	-3.475657E+01
4.50085000000E+07	4.599335E-01	-3.592978E+01
4.65084500000E+07	4.798298E-01	-3.715032E+01
4.80084000000E+07	4.589950E-01	-3.819314E+01
4.95083500000E+07	5.354134E-01	-3.909191E+01
5.10083000000E+07	5.932099E-01	-4.042027E+01
5.25082500000E+07	6.199815E-01	-4.154625E+01
5.40082000000E+07	6.541737E-01	-4.271709E+01
5.55081500000E+07	6.746207E-01	-4.394688E+01
5.70081000000E+07	7.112739E-01	-4.499956E+01
5.85080500000E+07	7.428116E-01	-4.612826E+01
6.00080000000E+07	7.751100E-01	-4.720145E+01
6.15079500000E+07	8.062407E-01	-4.832272E+01
6.30079000000E+07	8.486837E-01	-4.943298E+01
6.45078500000E+07	8.671297E-01	-5.045122E+01
6.60078000000E+07	9.043257E-01	-5.160051E+01
6.75077500000E+07	9.485012E-01	-5.268764E+01
6.90077000000E+07	9.764372E-01	-5.376566E+01
7.05076500000E+07	1.025886E+00	-5.488687E+01
7.20076000000E+07	1.058475E+00	-5.595905E+01
7.35075500000E+07	1.085113E+00	-5.702699E+01
7.50075000000E+07	1.133575E+00	-5.811668E+01
7.65074500000E+07	1.155192E+00	-5.908547E+01
7.80074000000E+07	1.182573E+00	-6.018801E+01
7.95073500000E+07	1.225082E+00	-6.126754E+01
8.10073000000E+07	1.278265E+00	-6.228804E+01
8.25072500000E+07	1.305257E+00	-6.332708E+01
8.40072000000E+07	1.336553E+00	-6.424722E+01
8.55071500000E+07	1.380433E+00	-6.548644E+01
8.70071000000E+07	1.403676E+00	-6.629887E+01
8.85070500000E+07	1.444905E+00	-6.737962E+01
9.00070000000E+07	1.480165E+00	-6.839813E+01
9.15069500000E+07	1.515636E+00	-6.950011E+01
9.30069000000E+07	1.541556E+00	-7.043381E+01
9.45068500000E+07	1.580852E+00	-7.152306E+01
9.60068000000E+07	1.623526E+00	-7.241824E+01
9.75067500000E+07	1.643054E+00	-7.334917E+01
9.90067000000E+07	1.670383E+00	-7.431894E+01
1.00506650000E+08	1.703133E+00	-7.545031E+01
1.02006600000E+08	1.735512E+00	-7.636634E+01
1.03506550000E+08	1.779028E+00	-7.731972E+01
1.05006500000E+08	1.812696E+00	-7.839487E+01
1.06506450000E+08	1.850270E+00	-7.933549E+01
1.08006400000E+08	1.873210E+00	-8.017162E+01
1.09506350000E+08	1.891819E+00	-8.114824E+01
1.11006300000E+08	1.920735E+00	-8.217839E+01
1.12506250000E+08	1.959484E+00	-8.305540E+01
1.14006200000E+08	1.982089E+00	-8.392831E+01
1.15506150000E+08	2.036365E+00	-8.491020E+01
1.17006100000E+08	2.050293E+00	-8.574387E+01
1.18506050000E+08	2.079530E+00	-8.672070E+01
1.20006000000E+08	2.115959E+00	-8.768121E+01
1.21505950000E+08	2.134153E+00	-8.865196E+01
1.23005900000E+08	2.152245E+00	-8.947974E+01
1.24505850000E+08	2.191313E+00	-9.047527E+01
1.26005800000E+08	2.231975E+00	-9.128818E+01
1.27505750000E+08	2.232190E+00	-9.218863E+01
1.29005700000E+08	2.263906E+00	-9.294290E+01
1.30505650000E+08	2.283777E+00	-9.389919E+01
1.32005600000E+08	2.315493E+00	-9.492921E+01
1.33505550000E+08	2.330110E+00	-9.587539E+01
1.35005500000E+08	2.363840E+00	-9.660516E+01
1.36505450000E+08	2.389916E+00	-9.741753E+01
1.38005400000E+08	2.404182E+00	-9.826806E+01
1.39505350000E+08	2.417588E+00	-9.920666E+01
1.41005300000E+08	2.432199E+00	-9.998798E+01
1.42505250000E+08	2.446157E+00	-1.007766E+02
1.44005200000E+08	2.485416E+00	-1.017562E+02
1.45505150000E+08	2.526273E+00	-1.024269E+02
1.47005100000E+08	2.559519E+00	-1.032756E+02
1.48505050000E+08	2.520165E+00	-1.049488E+02
1.50005000000E+08	2.526018E+00	-1.050960E+02
1.51504950000E+08	2.511706E+00	-1.059079E+02
1.53004900000E+08	2.542373E+00	-1.066146E+02
1.54504850000E+08	2.550680E+00	-1.077322E+02
1.56004800000E+08	2.585176E+00	-1.085546E+02
1.57504750000E+08	2.584521E+00	-1.091348E+02
1.59004700000E+08	2.596829E+00	-1.098900E+02
1.60504650000E+08	2.586904E+00	-1.105495E+02
1.62004600000E+08	2.643434E+00	-1.112693E+02
1.63504550000E+08	2.569356E+00	-1.122781E+02
1.65004500000E+08	2.627070E+00	-1.127530E+02
1.66504450000E+08	2.615288E+00	-1.138805E+02
1.68004400000E+08	2.616833E+00	-1.146200E+02
1.69504350000E+08	2.627340E+00	-1.150395E+02
1.71004300000E+08	2.641282E+00	-1.159360E+02
1.72504250000E+08	2.661338E+00	-1.169691E+02
1.74004200000E+08	2.643072E+00	-1.171880E+02
1.75504150000E+08	2.677468E+00	-1.183147E+02
1.77004100000E+08	2.649992E+00	-1.191256E+02
1.78504050000E+08	2.659695E+00	-1.196651E+02
1.80004000000E+08	2.685474E+00	-1.208029E+02
1.81503950000E+08	2.679176E+00	-1.211465E+02
1.83003900000E+08	2.682928E+00	-1.216718E+02
1.84503850000E+08	2.669402E+00	-1.223361E+02
1.86003800000E+08	2.690593E+00	-1.234458E+02
1.87503750000E+08	2.733701E+00	-1.238757E+02
1.89003700000E+08	2.695000E+00	-1.247059E+02
1.90503650000E+08	2.661250E+00	-1.253132E+02
1.92003600000E+08	2.687425E+00	-1.261836E+02
1.93503550000E+08	2.670599E+00	-1.267218E+02
1.95003500000E+08	2.671427E+00	-1.274280E+02
1.96503450000E+08	2.672529E+00	-1.279375E+02
1.98003400000E+08	2.670060E+00	-1.284789E+02
1.99503350000E+08	2.635976E+00	-1.292633E+02
2.01003300000E+08	2.629395E+00	-1.298524E+02
2.02503250000E+08	2.635596E+00	-1.305703E+02
2.04003200000E+08	2.639882E+00	-1.311076E+02
2.05503150000E+08	2.626995E+00	-1.318106E+02
2.07003100000E+08	2.604036E+00	-1.324204E+02
2.08503050000E+08	2.622381E+00	-1.328534E+02
2.10003000000E+08	2.621175E+00	-1.334071E+02
2.11502950000E+08	2.611348E+00	-1.341101E+02
2.13002900000E+08	2.600224E+00	-1.346877E+02
2.14502850000E+08	2.558303E+00	-1.353606E+02
2.16002800000E+08	2.552770E+00	-1.359206E+02
2.17502750000E+08	2.530084E+00	-1.367783E+02
2.19002700000E+08	2.540485E+00	-1.370548E+02
2.20502650000E+08	2.526274E+00	-1.378536E+02
2.22002600000E+08	2.507915E+00	-1.382267E+02
2.23502550000E+08	2.496648E+00	-1.387758E+02
2.25002500000E+08	2.488183E+00	-1.393751E+02
2.26502450000E+08	2.510828E+00	-1.399391E+02
2.28002400000E+08	2.469038E+00	-1.406375E+02
2.29502350000E+08	2.453357E+00	-1.412473E+02
2.31002300000E+08	2.459201E+00	-1.415745E+02
2.32502250000E+08	2.443426E+00	-1.419481E+02
2.34002200000E+08	2.409308E+00	-1.425436E+02
2.35502150000E+08	2.391696E+00	-1.431405E+02
2.37002100000E+08	2.406083E+00	-1.437070E+02
2.38502050000E+08	2.380857E+00	-1.442864E+02
2.40002000000E+08	2.351057E+00	-1.445953E+02
2.41501950000E+08	2.351106E+00	-1.452035E+02
2.43001900000E+08	2.329463E+00	-1.455520E+02
2.44501850000E+08	2.308269E+00	-1.459473E+02
2.46001800000E+08	2.298214E+00	-1.466266E+02
2.47501750000E+08	2.311989E+00	-1.470910E+02
2.49001700000E+08	2.286430E+00	-1.477107E+02
2.50501650000E+08	2.247977E+00	-1.481037E+02
2.52001600000E+08	2.229471E+00	-1.484998E+02
2.53501550000E+08	2.183259E+00	-1.489769E+02
2.55001500000E+08	2.198606E+00	-1.495114E+02
2.56501450000E+08	2.173625E+00	-1.499790E+02
2.58001400000E+08	2.171250E+00	-1.504778E+02
2.59501350000E+08	2.150248E+00	-1.508679E+02
2.61001300000E+08	2.095095E+00	-1.513608E+02
2.62501250000E+08	2.098597E+00	-1.517344E+02
2.64001200000E+08	2.086601E+00	-1.523820E+02
2.65501150000E+08	2.065158E+00	-1.526940E+02
2.67001100000E+08	2.037805E+00	-1.530793E+02
2.68501050000E+08	2.030463E+00	-1.535172E+02
2.70001000000E+08	2.027626E+00	-1.539516E+02
2.71500950000E+08	2.019030E+00	-1.544016E+02
2.73000900000E+08	1.968732E+00	-1.548544E+02
2.74500850000E+08	1.980636E+00	-1.552978E+02
2.76000800000E+08	1.918172E+00	-1.555840E+02
2.77500750000E+08	1.918036E+00	-1.560030E+02
2.79000700000E+08	1.904381E+00	-1.563146E+02
2.80500650000E+08	1.895157E+00	-1.566436E+02
2.82000600000E+08	1.860639E+00	-1.570134E+02
2.83500550000E+08	1.830162E+00	-1.575767E+02
2.85000500000E+08	1.812200E+00	-1.576936E+02
2.86500450000E+08	1.810685E+00	-1.582368E+02
2.88000400000E+08	1.735834E+00	-1.584619E+02
2.89500350000E+08	1.738644E+00	-1.590159E+02
2.91000300000E+08	1.714604E+00	-1.593773E+02
2.92500250000E+08	1.678198E+00	-1.597385E+02
2.94000200000E+08	1.693973E+00	-1.600963E+02
2.95500150000E+08	1.672658E+00	-1.603143E+02
2.97000100000E+08	1.635373E+00	-1.606204E+02
2.98500050000E+08	1.623158E+00	-1.609084E+02
3.00000000000E+08	1.590260E+00	-1.610705E+02
