1.00000000000E+04	1.203150E+02	-3.654440E+01
1.05000000000E+04	1.157715E+02	-2.551466E+01
1.10000000000E+04	1.240701E+02	-2.561318E+01
1.15000000000E+04	1.126695E+02	-2.617091E+01
1.20000000000E+04	1.082218E+02	-2.693028E+01
1.25000000000E+04	1.107642E+02	-2.658385E+01
1.30000000000E+04	1.089401E+02	-2.579597E+01
1.35000000000E+04	1.088497E+02	-2.302353E+01
1.40000000000E+04	1.099892E+02	-2.335857E+01
1.45000000000E+04	1.074835E+02	-2.184436E+01
1.50000000000E+04	1.089689E+02	-2.384104E+01
1.55000000000E+04	1.106602E+02	-2.104323E+01
1.60000000000E+04	1.091594E+02	-2.186480E+01
1.65000000000E+04	1.044039E+02	-2.087520E+01
1.70000000000E+04	1.062503E+02	-2.174141E+01
1.75000000000E+04	1.042327E+02	-2.137052E+01
1.80000000000E+04	1.070132E+02	-1.737200E+01
1.85000000000E+04	1.047908E+02	-1.833200E+01
1.90000000000E+04	1.048988E+02	-1.731285E+01
1.95000000000E+04	1.050585E+02	-1.790075E+01
2.00000000000E+04	1.036671E+02	-1.675939E+01
2.05000000000E+04	1.042797E+02	-1.596053E+01
2.10000000000E+04	1.036030E+02	-1.693974E+01
2.15000000000E+04	1.033822E+02	-1.585870E+01
2.20000000000E+04	1.031673E+02	-1.570219E+01
2.25000000000E+04	1.023960E+02	-1.573546E+01
2.30000000000E+04	1.029032E+02	-1.533291E+01
2.35000000000E+04	1.029421E+02	-1.544466E+01
2.40000000000E+04	1.015498E+02	-1.486377E+01
2.45000000000E+04	1.023811E+02	-1.526655E+01
2.50000000000E+04	1.020303E+02	-1.515274E+01
2.55000000000E+04	1.021430E+02	-1.449929E+01
2.60000000000E+04	1.007213E+02	-1.439714E+01
2.65000000000E+04	1.005569E+02	-1.436404E+01
2.70000000000E+04	1.006166E+02	-1.390590E+01
2.75000000000E+04	1.011529E+02	-1.338864E+01
2.80000000000E+04	1.013530E+02	-1.354072E+01
2.85000000000E+04	1.009225E+02	-1.301703E+01
2.90000000000E+04	1.001058E+02	-1.273860E+01
2.95000000000E+04	1.000179E+02	-1.345953E+01
3.00000000000E+04	9.958096E+01	-1.238915E+01
3.05000000000E+04	1.003590E+02	-1.266427E+01
3.10000000000E+04	9.987634E+01	-1.283383E+01
3.15000000000E+04	9.980492E+01	-1.260194E+01
3.20000000000E+04	9.998050E+01	-1.203002E+01
3.25000000000E+04	9.974469E+01	-1.176082E+01
3.30000000000E+04	9.994337E+01	-1.200560E+01
3.35000000000E+04	9.963798E+01	-1.167931E+01
3.40000000000E+04	9.947069E+01	-1.130939E+01
3.45000000000E+04	9.935850E+01	-1.112478E+01
3.50000000000E+04	9.938399E+01	-1.113618E+01
3.55000000000E+04	9.914027E+01	-1.125822E+01
3.60000000000E+04	9.889449E+01	-1.084421E+01
3.65000000000E+04	9.874492E+01	-1.105923E+01
3.70000000000E+04	9.906017E+01	-1.086612E+01
3.75000000000E+04	9.878799E+01	-1.068649E+01
3.80000000000E+04	9.883482E+01	-1.075022E+01
3.85000000000E+04	9.838116E+01	-1.037055E+01
3.90000000000E+04	9.840244E+01	-9.997105E+00
3.95000000000E+04	9.836121E+01	-9.930453E+00
4.00000000000E+04	9.874222E+01	-1.043482E+01
4.05000000000E+04	9.841390E+01	-1.030454E+01
4.10000000000E+04	9.839227E+01	-1.027063E+01
4.15000000000E+04	9.829008E+01	-9.531879E+00
4.20000000000E+04	9.788965E+01	-9.407944E+00
4.25000000000E+04	9.824656E+01	-9.404735E+00
4.30000000000E+04	9.838509E+01	-9.800680E+00
4.35000000000E+04	9.809113E+01	-9.539743E+00
4.40000000000E+04	9.800137E+01	-9.505432E+00
4.45000000000E+04	9.818066E+01	-9.375360E+00
4.50000000000E+04	9.759612E+01	-8.819771E+00
4.55000000000E+04	9.809396E+01	-9.408548E+00
4.60000000000E+04	9.722261E+01	-8.664030E+00
4.65000000000E+04	9.773664E+01	-8.717999E+00
4.70000000000E+04	9.737132E+01	-8.517532E+00
4.75000000000E+04	9.715972E+01	-8.672359E+00
4.80000000000E+04	9.775426E+01	-8.858018E+00
4.85000000000E+04	9.752843E+01	-8.310247E+00
4.90000000000E+04	9.791906E+01	-8.555194E+00
4.95000000000E+04	9.739290E+01	-8.587320E+00
5.00000000000E+04	9.731245E+01	-8.381894E+00
5.05000000000E+04	9.735130E+01	-8.436706E+00
5.10000000000E+04	9.741428E+01	-8.012277E+00
5.15000000000E+04	9.685224E+01	-8.131679E+00
5.20000000000E+04	9.728374E+01	-7.812384E+00
5.25000000000E+04	9.727962E+01	-8.093633E+00
5.30000000000E+04	9.724156E+01	-8.076178E+00
5.35000000000E+04	9.727693E+01	-8.056856E+00
5.40000000000E+04	9.721920E+01	-7.496455E+00
5.45000000000E+04	9.687606E+01	-7.766886E+00
5.50000000000E+04	9.708545E+01	-7.586778E+00
5.55000000000E+04	9.703608E+01	-7.733680E+00
5.60000000000E+04	9.669296E+01	-7.577228E+00
5.65000000000E+04	9.673356E+01	-7.596440E+00
5.70000000000E+04	9.705939E+01	-7.564355E+00
5.75000000000E+04	9.704851E+01	-7.158073E+00
5.80000000000E+04	9.684108E+01	-7.460239E+00
5.85000000000E+04	9.669264E+01	-7.179565E+00
5.90000000000E+04	9.681701E+01	-6.905725E+00
5.95000000000E+04	9.678042E+01	-6.929320E+00
6.00000000000E+04	9.673661E+01	-6.990587E+00
6.05000000000E+04	9.651801E+01	-7.195827E+00
6.10000000000E+04	9.654233E+01	-6.709373E+00
6.15000000000E+04	9.686051E+01	-7.029511E+00
6.20000000000E+04	9.636196E+01	-7.107443E+00
6.25000000000E+04	9.632481E+01	-6.972208E+00
6.30000000000E+04	9.635733E+01	-6.910609E+00
6.35000000000E+04	9.675315E+01	-6.725185E+00
6.40000000000E+04	9.642326E+01	-6.639305E+00
6.45000000000E+04	9.651855E+01	-6.609065E+00
6.50000000000E+04	9.634725E+01	-6.719389E+00
6.55000000000E+04	9.621198E+01	-6.690735E+00
6.60000000000E+04	9.633684E+01	-6.698647E+00
6.65000000000E+04	9.663683E+01	-6.456734E+00
6.70000000000E+04	9.624590E+01	-6.363637E+00
6.75000000000E+04	9.652050E+01	-6.415128E+00
6.80000000000E+04	9.618079E+01	-6.495886E+00
6.85000000000E+04	9.625417E+01	-6.336477E+00
6.90000000000E+04	9.622472E+01	-6.303124E+00
6.95000000000E+04	9.634445E+01	-6.295526E+00
7.00000000000E+04	9.637086E+01	-6.131483E+00
7.05000000000E+04	9.611907E+01	-6.201698E+00
7.10000000000E+04	9.609064E+01	-6.003295E+00
7.15000000000E+04	9.615498E+01	-6.027083E+00
7.20000000000E+04	9.616098E+01	-6.005194E+00
7.25000000000E+04	9.592550E+01	-5.876927E+00
7.30000000000E+04	9.631565E+01	-6.078035E+00
7.35000000000E+04	9.616031E+01	-5.890830E+00
7.40000000000E+04	9.601768E+01	-5.939178E+00
7.45000000000E+04	9.608481E+01	-6.008941E+00
7.50000000000E+04	9.599737E+01	-5.843465E+00
7.55000000000E+04	9.602187E+01	-5.833860E+00
7.60000000000E+04	9.601011E+01	-5.739091E+00
7.65000000000E+04	9.605549E+01	-5.875123E+00
7.70000000000E+04	9.598060E+01	-5.584278E+00
7.75000000000E+04	9.617583E+01	-5.705902E+00
7.80000000000E+04	9.599364E+01	-5.687484E+00
7.85000000000E+04	9.604065E+01	-5.622930E+00
7.90000000000E+04	9.594987E+01	-5.464550E+00
7.95000000000E+04	9.584809E+01	-5.574971E+00
8.00000000000E+04	9.592107E+01	-5.383297E+00
8.05000000000E+04	9.594001E+01	-5.483127E+00
8.10000000000E+04	9.592005E+01	-5.558617E+00
8.15000000000E+04	9.600715E+01	-5.499279E+00
8.20000000000E+04	9.597099E+01	-5.340611E+00
8.25000000000E+04	9.557904E+01	-5.256341E+00
8.30000000000E+04	9.590858E+01	-5.392039E+00
8.35000000000E+04	9.561629E+01	-5.307202E+00
8.40000000000E+04	9.569360E+01	-5.151099E+00
8.45000000000E+04	9.542806E+01	-5.145845E+00
8.50000000000E+04	9.545891E+01	-5.326337E+00
8.55000000000E+04	9.585697E+01	-5.217053E+00
8.60000000000E+04	9.569435E+01	-5.003578E+00
8.65000000000E+04	9.604829E+01	-5.141094E+00
8.70000000000E+04	9.575278E+01	-5.237921E+00
8.75000000000E+04	9.578654E+01	-5.253406E+00
8.80000000000E+04	9.591479E+01	-5.180918E+00
8.85000000000E+04	9.597583E+01	-4.953160E+00
8.90000000000E+04	9.522350E+01	-5.025133E+00
8.95000000000E+04	9.582507E+01	-4.871724E+00
9.00000000000E+04	9.581163E+01	-5.084666E+00
9.05000000000E+04	9.575278E+01	-5.107980E+00
9.10000000000E+04	9.567426E+01	-4.923946E+00
9.15000000000E+04	9.578041E+01	-4.811532E+00
9.20000000000E+04	9.528265E+01	-4.806827E+00
9.25000000000E+04	9.584335E+01	-4.729451E+00
9.30000000000E+04	9.563436E+01	-4.890159E+00
9.35000000000E+04	9.534167E+01	-4.854031E+00
9.40000000000E+04	9.531397E+01	-4.775289E+00
9.45000000000E+04	9.580058E+01	-4.814598E+00
9.50000000000E+04	9.556752E+01	-4.618036E+00
9.55000000000E+04	9.545957E+01	-4.811510E+00
9.60000000000E+04	9.530014E+01	-4.695571E+00
9.65000000000E+04	9.551340E+01	-4.587839E+00
9.70000000000E+04	9.540508E+01	-4.628139E+00
9.75000000000E+04	9.538409E+01	-4.586968E+00
9.80000000000E+04	9.546307E+01	-4.674514E+00
9.85000000000E+04	9.567752E+01	-4.446955E+00
9.90000000000E+04	9.560020E+01	-4.578701E+00
9.95000000000E+04	9.525868E+01	-4.563940E+00
1.00000000000E+05	9.550014E+01	-4.453930E+00
1.00500000000E+05	9.532607E+01	-4.588406E+00
1.01000000000E+05	9.527185E+01	-4.562139E+00
1.01500000000E+05	9.531661E+01	-4.498237E+00
1.02000000000E+05	9.537070E+01	-4.527688E+00
1.02500000000E+05	9.548789E+01	-4.393846E+00
1.03000000000E+05	9.551643E+01	-4.524332E+00
1.03500000000E+05	9.536402E+01	-4.383888E+00
1.04000000000E+05	9.523469E+01	-4.395592E+00
1.04500000000E+05	9.507129E+01	-4.285738E+00
1.05000000000E+05	9.523802E+01	-4.432991E+00
1.05500000000E+05	9.569853E+01	-4.308401E+00
1.06000000000E+05	9.548323E+01	-4.302341E+00
1.06500000000E+05	9.567719E+01	-4.089890E+00
1.07000000000E+05	9.560624E+01	-4.260273E+00
1.07500000000E+05	9.471720E+01	-4.289468E+00
1.08000000000E+05	9.579798E+01	-4.217084E+00
1.08500000000E+05	9.496457E+01	-4.036905E+00
1.09000000000E+05	9.485607E+01	-4.284308E+00
1.09500000000E+05	9.470335E+01	-4.215788E+00
1.10000000000E+05	9.467529E+01	-4.041925E+00
